1 3
0 8
1 C
0 1
0 7
0 0
0 4
0 F
1 A
0 0
1 F
1 E
0 8
0 B
0 6
1 5
1 0
0 D
1 4
1 E
0 3
1 1
0 7
1 5
1 E
0 E
1 3
0 2
0 F
0 F
1 E
0 D
0 2
0 7
0 6
0 2
0 F
1 C
1 E
0 0
0 5
0 9
1 C
0 6
1 C
0 8
0 2
0 6
0 1
0 4
1 9
0 2
0 C
0 C
1 8
1 3
0 8
1 7
1 D
0 E
0 6
0 5
0 7
0 D
0 9
0 C
0 4
1 1
1 F
1 C
0 0
0 0
1 0
1 7
1 C
1 D
1 1
1 1
1 8
0 9
0 3
1 1
1 D
0 D
1 0
1 7
0 8
0 8
0 0
1 F
0 2
0 9
0 1
0 3
1 C
1 9
0 A
0 C
0 A
1 1
1 9
1 D
0 1
0 A
1 2
0 0
1 0
0 8
0 8
1 E
0 3
1 C
0 8
0 8
1 3
1 D
0 2
1 7
1 4
1 6
0 A
0 3
1 0
0 C
1 A
0 F
0 1
0 C
1 B
0 3
0 4
0 9
1 F
0 9
0 F
1 2
0 3
0 A
0 A
1 E
1 9
0 D
0 F
1 1
1 2
0 0
1 9
0 7
1 0
0 5
1 3
0 2
0 2
1 2
0 7
0 8
0 F
0 2
1 0
1 1
0 1
0 C
1 A
1 E
1 6
0 6
0 C
1 7
0 B
0 A
0 4
0 C
0 6
0 1
0 D
1 0
1 8
1 4
0 6
1 F
1 C
1 1
1 0
1 5
1 F
1 6
1 8
0 3
1 0
0 3
1 5
0 3
0 E
1 3
1 3
0 6
0 3
0 C
0 5
1 3
0 5
1 6
1 6
0 C
1 A
1 1
0 8
0 E
1 F
0 B
1 0
1 2
1 B
1 6
0 8
0 1
1 E
0 5
0 D
1 3
1 5
1 C
0 1
0 E
0 B
1 3
1 A
1 9
1 4
0 C
1 0
0 E
0 6
1 8
0 2
1 6
1 D
1 4
1 F
0 1
0 2
0 E
1 B
1 5
0 4
1 3
1 6
0 F
1 C
0 1
0 B
1 2
1 2
0 9
1 5
1 1
1 9
0 9
1 B
0 F
1 8
0 8
1 0
1 7
0 F
1 9
0 9
0 A
1 1
1 4
1 C
0 B
1 D
0 8
0 1
1 8
0 5
1 2
0 E
1 7
1 8
1 F
0 3
1 5
1 8
1 4
1 D
1 E
0 4
1 D
0 7
0 9
0 0
1 4
0 A
0 2
0 A
1 5
1 3
1 5
0 D
0 A
0 7
0 7
1 2
0 1
1 7
1 E
0 B
0 4
1 E
0 F
1 D
1 5
1 C
0 6
1 F
0 7
0 3
1 6
0 B
1 3
0 C
0 C
1 2
1 7
0 5
1 C
1 D
1 8
1 E
0 A
0 8
1 4
1 F
1 5
1 B
1 0
1 0
1 4
1 4
0 1
1 5
0 C
0 1
1 4
0 0
0 C
1 4
0 4
1 A
1 5
0 4
1 6
0 C
1 E
1 B
0 6
1 C
0 3
1 0
1 A
0 E
0 C
0 4
1 C
0 7
0 1
0 B
0 C
1 2
1 F
1 3
1 1
1 8
1 5
1 4
0 6
0 B
0 4
1 5
0 F
0 9
0 F
0 F
0 7
1 3
0 F
1 D
0 B
1 8
0 C
0 C
1 0
1 D
0 E
0 B
1 7
0 E
0 9
0 C
0 D
0 9
0 C
1 5
1 B
0 0
0 1
1 B
0 5
0 C
0 2
1 1
0 C
0 3
0 5
0 C
1 2
1 0
1 7
1 E
1 8
0 D
0 0
1 A
0 F
1 9
1 4
1 5
0 A
1 C
0 B
1 5
1 4
1 8
0 3
1 8
1 2
0 5
1 F
1 0
0 1
0 9
1 6
1 4
1 3
1 4
1 5
1 C
1 9
0 8
0 1
0 6
1 E
1 5
0 3
0 0
0 8
0 9
1 9
1 3
1 1
1 1
0 3
1 2
1 1
0 7
0 7
0 E
0 F
1 0
0 C
0 4
1 4
0 A
1 B
1 1
1 C
1 7
0 A
0 C
0 5
0 4
1 3
0 F
1 4
0 E
0 1
0 8
1 1
0 F
1 A
1 A
1 5
0 A
1 A
1 0
1 9
1 B
0 3
1 4
1 2
1 C
1 0
0 7
0 1
1 3
1 8
0 C
1 3
0 3
0 9
1 7
1 5
0 C
1 A
0 A
1 5
1 3
0 7
0 2
0 E
0 5
1 C
0 E
1 C
1 3
0 C
1 C
1 1
0 C
0 F
1 A
0 A
0 8
0 0
0 3
0 A
1 4
0 A
0 0
0 6
0 4
1 0
0 D
0 B
1 0
0 C
0 E
0 8
0 1
0 A
1 A
1 2
1 7
1 F
1 C
1 8
1 A
1 3
1 2
0 9
0 C
1 1
0 4
1 4
0 1
1 B
1 1
1 1
0 6
1 7
1 9
1 7
1 4
1 7
1 C
1 C
0 A
0 6
1 E
1 C
1 F
0 E
1 6
0 4
0 9
0 5
1 9
0 B
0 A
1 6
1 E
0 1
1 8
0 5
1 A
0 A
1 C
0 6
0 A
1 0
1 7
0 5
1 7
0 B
1 C
1 2
0 4
1 A
0 A
0 3
1 7
0 B
1 4
1 2
0 8
0 0
0 0
1 6
1 0
0 B
1 D
0 2
0 E
0 3
0 2
0 D
0 C
1 6
0 6
1 4
1 B
1 7
0 E
1 4
1 9
1 E
1 4
0 B
0 4
1 0
1 C
0 8
0 9
0 0
1 C
1 3
0 A
1 7
0 9
1 B
0 9
0 C
1 7
0 C
0 0
1 8
1 C
1 E
1 F
1 2
0 9
1 D
1 5
1 A
1 8
1 3
0 4
1 7
0 3
1 C
1 8
0 4
0 9
1 2
0 1
1 6
1 1
1 2
1 C
0 A
1 8
0 0
0 D
0 A
1 2
0 2
1 4
1 B
0 3
1 E
0 B
1 7
0 2
0 7
0 2
0 0
1 E
0 5
1 7
0 1
1 F
1 2
1 4
0 4
0 8
0 D
0 8
0 F
1 0
1 0
1 A
1 3
1 9
1 6
1 F
1 F
0 E
0 E
1 2
1 7
1 4
0 3
1 A
0 5
0 3
0 0
0 B
0 7
0 E
0 E
0 6
1 1
0 4
1 E
1 D
0 E
1 A
0 7
0 F
0 2
0 E
0 D
1 F
0 2
0 6
1 2
0 7
1 2
0 5
0 5
1 2
1 2
0 9
0 C
0 8
1 9
1 3
0 5
0 4
0 6
1 D
1 4
0 2
1 4
1 A
0 5
1 2
0 1
1 D
0 4
0 3
0 B
0 E
1 6
1 E
0 4
1 C
0 4
1 A
1 2
1 D
0 9
1 A
1 7
1 8
1 2
0 9
1 3
0 0
1 1
0 8
0 2
0 E
0 C
0 0
0 7
1 3
0 4
0 2
1 9
1 5
1 B
1 2
1 6
0 B
0 D
0 C
1 A
1 7
0 F
0 A
1 5
1 8
0 6
1 3
0 C
1 6
1 D
0 7
0 1
1 1
1 6
0 D
1 6
1 2
1 7
0 2
1 6
1 7
1 4
1 D
0 0
0 6
0 4
1 9
0 F
0 D
0 B
1 E
1 C
0 C
1 0
0 C
0 E
0 F
0 C
0 E
0 2
0 7
0 4
1 9
0 9
1 0
0 9
1 D
0 3
1 A
0 F
0 2
1 E
0 1
0 9
0 9
1 F
1 9
0 2
1 1
1 6
0 2
0 7
0 0
0 0
0 A
0 6
0 9
1 5
1 0
0 1
0 1
1 7
0 D
0 3
0 0
1 3
1 D
0 8
1 F
1 A
1 3
0 4
0 0
1 1
1 B
0 7
1 D
1 1
1 0
1 0
1 5
1 6
0 9
1 2
1 F
1 B
0 9
0 9
1 A
0 D
1 5
0 3
0 3
1 A
1 B
1 1
1 9
0 4
1 6
1 1
1 E
0 3
1 A
0 5
1 B
1 1
1 B
0 F
1 0
1 2
0 C
1 E
1 D
1 0
0 8
1 F
0 7
1 2
1 7
1 D
0 4
1 4
1 E
1 D
1 8
1 A
0 A
0 3
1 8
1 5
0 6
1 8
1 3
1 D
1 0
1 3
0 1
0 F
1 2
1 6
0 D
1 1
0 0
0 E
1 F
0 6
1 3
1 C
1 F
1 8
0 1
1 B
0 9
1 1
0 5
1 A
0 9
0 B
1 F
1 E
0 2
1 D
0 E
0 4
1 7
0 B
1 A
0 4
0 3
0 2
0 A
0 2
1 7
1 6
0 3
1 9
1 3
1 B
0 0
1 E